# batch 8 steps 60
theta0 1 8
5.149719119e-01 -2.300615072e+00 1.882122993e+00 -1.211742640e+00 9.586234093e-01 6.944847107e-01 -2.152067661e+00 1.245811105e+00
theta_dot0 1 8
5.766381025e-01 5.961302519e-01 -8.144223690e-02 7.994056940e-01 -4.963053465e-01 1.295644045e-01 -9.396718740e-01 1.860095263e-01
actions 8 60
5.152631998e-01 1.390169859e-01 1.449439526e-01 -3.204485178e-01 6.600598097e-01 9.812179804e-01 -2.887572050e-01 -4.682362080e-02 -5.605596304e-01 4.884734154e-01 -7.031232119e-01 -1.482818127e-01 3.409756422e-01 -6.464071274e-01 9.482146502e-01 -6.047716141e-01 5.761709213e-01 6.325163841e-01 3.094878197e-01 -1.156077385e-01 -7.472811937e-01 -7.969183922e-01 6.820471287e-01 -6.449878216e-01 -4.696875811e-01 2.421898842e-01 1.699944735e-01 7.392226458e-01 4.888780117e-01 9.846109152e-01 -8.213723898e-01 -6.656893492e-01 5.767383575e-01 2.474725246e-01 2.378579378e-01 -2.049984932e-01 -1.894401312e-01 -4.249066114e-01 -1.325631142e-01 -9.401061535e-01 -1.979451180e-01 -7.228059769e-01 -5.593167543e-01 -1.704454422e-01 -3.527586460e-01 -5.846356153e-01 2.813322544e-01 -3.688030243e-01 -6.462255716e-01 1.432040930e-01 -5.098271370e-01 6.839516163e-01 -7.951093912e-01 6.530082226e-02 2.070176601e-02 -7.875146866e-01 -4.948327541e-01 -4.959640503e-01 -1.149628162e-01 9.530361891e-01
-4.413782358e-01 -1.224441528e-01 -3.994822502e-03 4.788160324e-02 -9.111377001e-01 -4.230984449e-01 -1.096343994e-01 -6.674830914e-01 -1.646059752e-01 5.700993538e-02 -7.545089722e-01 5.624572039e-01 1.791225672e-01 -8.504295349e-01 -6.635810137e-01 1.256283522e-01 9.283748865e-01 2.582963705e-01 -2.264353037e-01 -3.435599804e-02 3.847498894e-01 -4.557609558e-01 3.184354305e-02 9.189059734e-01 5.663764477e-02 -7.394268513e-01 4.713960886e-01 -7.216314077e-01 -7.184890509e-01 -2.130261660e-01 -8.759641647e-02 8.235303164e-01 6.147341728e-01 -6.642608643e-01 8.294222355e-01 3.317936659e-01 2.018550634e-01 1.377105713e-02 -3.816815615e-01 -3.796106577e-01 -7.571566105e-02 -2.134147882e-01 -5.625535250e-01 -2.312352657e-01 -3.779124022e-01 -9.796817303e-01 -2.024004459e-01 8.983482122e-01 6.411519051e-01 -4.728479385e-01 7.024552822e-01 -2.100881338e-01 8.694369793e-01 5.435436964e-01 2.871837616e-01 9.603201151e-01 -8.838959932e-01 -7.713444233e-01 4.586280584e-01 8.495357037e-01
-1.938614845e-01 2.773609161e-01 8.741667271e-01 5.961277485e-01 -9.508084059e-01 7.499247789e-01 -9.613881111e-01 6.089621782e-01 -1.937186718e-02 3.283448219e-01 6.081438065e-02 3.214845657e-01 -4.253726006e-01 9.598886967e-01 1.250289679e-01 9.966648817e-01 -6.210387945e-01 -6.838201284e-01 3.843407631e-01 -9.438800812e-01 3.201695681e-01 -3.062577248e-01 -6.917914152e-01 -8.645210266e-01 7.238979340e-01 8.537502289e-01 1.603798866e-01 -3.707000017e-01 -2.291007042e-01 -4.114351273e-01 4.200254679e-01 8.815058470e-01 -5.795550346e-02 5.474125147e-01 -4.153494835e-01 8.650763035e-01 3.699111938e-02 -5.713372231e-01 -9.138605595e-01 6.557719707e-01 -1.899068356e-01 5.110136271e-01 2.519360781e-01 -3.677179813e-01 6.388138533e-01 6.090942621e-01 -9.656624794e-01 5.016795397e-01 3.551510572e-01 9.933881760e-01 6.433129311e-03 -1.727769375e-01 -6.084809303e-01 -3.192855120e-01 3.607479334e-01 -9.834507704e-01 3.350331783e-01 5.608637333e-01 -7.119466066e-01 8.624804020e-01
4.693689346e-01 4.933178425e-02 3.111901283e-01 5.435366631e-01 -4.823321104e-01 1.184165478e-02 -4.767817259e-01 3.103570938e-01 1.460574865e-01 2.198886871e-01 -1.704071760e-01 -7.498753071e-01 -3.027158976e-01 5.221676826e-02 7.462573051e-01 -6.316756010e-01 2.170112133e-01 -8.397585154e-01 3.231847286e-01 -6.436161995e-01 6.476906538e-01 4.276353121e-01 7.815096378e-01 -7.794827223e-01 -7.034237385e-01 -3.879063129e-01 3.050549030e-01 8.817253113e-01 7.274918556e-01 2.437738180e-01 -2.896213531e-02 -3.396667242e-01 -1.231025457e-01 -7.465745211e-01 -4.221702814e-01 2.950781584e-01 -6.372671127e-01 -5.579582453e-01 8.721269369e-01 -9.794455767e-01 -3.686404228e-01 3.737294674e-01 1.046246290e-01 -5.001658201e-01 7.208446264e-01 -1.453468800e-01 3.506594896e-01 1.255626678e-01 2.474687099e-01 2.138710022e-02 -8.027173281e-01 4.792153835e-01 -3.910508156e-01 -7.977756262e-01 -8.055642843e-01 5.748658180e-01 5.473594666e-01 -5.478758812e-01 -2.186069489e-01 8.173363209e-01
-9.414368868e-01 3.652281761e-01 -3.724062443e-01 -9.775508642e-01 8.781117201e-01 -5.268174410e-01 5.426340103e-01 -6.464197636e-01 -7.589182854e-01 3.635994196e-01 5.873240232e-01 2.008982897e-01 9.158827066e-01 6.854580641e-01 7.244350910e-01 5.328809023e-01 8.628602028e-01 -4.582206011e-01 6.105389595e-01 -5.842034817e-01 -5.174721479e-01 1.826894283e-01 -2.500634193e-01 -3.395628929e-02 4.696062803e-01 6.023527384e-01 -8.995246887e-01 -7.616585493e-01 7.920888662e-01 -6.993244886e-01 -5.070775747e-01 4.485034943e-02 9.087451696e-01 9.239286184e-01 -8.665714264e-01 -3.221402168e-01 5.631814003e-01 -1.491670609e-01 1.907823086e-01 -3.497654200e-01 4.173245430e-01 8.513381481e-01 -5.104484558e-01 -9.145121574e-01 9.634343386e-01 4.108458757e-01 3.835177422e-02 -1.920514107e-01 -1.982804537e-01 7.905175686e-01 -2.095459700e-01 4.069706202e-01 -8.236856461e-01 1.605275869e-01 4.831202030e-01 7.038414478e-02 9.912598133e-01 4.586948156e-01 9.803414345e-03 -9.577069283e-01
5.997172594e-01 -3.897010088e-01 -6.039613485e-01 6.199204922e-01 -1.665689945e-01 5.140148401e-01 -2.430772781e-01 6.495445967e-01 -7.096223831e-01 4.957107306e-01 -5.791356564e-01 2.401965857e-01 -1.850212812e-01 2.072314024e-01 6.212384701e-01 -5.534881353e-01 6.626535654e-01 -1.164458990e-01 6.734436750e-01 -4.277229309e-01 2.168149948e-01 2.470164299e-01 -8.084535599e-02 -5.407154560e-01 6.424413919e-01 2.977144718e-02 7.285374403e-01 9.072211981e-01 9.457557201e-01 6.572802067e-01 2.286243439e-02 4.459779263e-01 8.741288185e-01 -6.428791285e-01 -4.103970528e-02 -4.906961918e-01 5.604187250e-01 -2.879503965e-01 8.942245245e-01 6.092592478e-01 -3.406028748e-01 -6.820470095e-01 -7.048594952e-01 -5.870590210e-01 2.917056084e-01 4.922175407e-02 -3.213806152e-01 -8.470398188e-01 -3.120702505e-01 2.437198162e-01 -9.026120901e-01 -6.599678993e-01 9.139779806e-01 -8.917856216e-02 1.028329134e-01 4.732087851e-01 -1.045126915e-01 -8.564369678e-01 -5.778267384e-01 3.345023394e-01
-2.057253122e-01 -7.290875912e-02 -1.676156521e-01 2.793638706e-01 4.279594421e-01 -5.308201313e-01 9.960495234e-01 6.071017981e-01 5.440045595e-01 -9.261120558e-01 -8.889819384e-01 -6.695586443e-01 5.637916327e-01 3.216227293e-01 -7.237188816e-01 -9.402157068e-01 6.232230663e-01 -6.129522324e-01 -3.386527300e-01 7.109695673e-01 -3.640506268e-01 9.981051683e-01 -8.614989519e-01 3.578116894e-01 9.781972170e-01 -7.788264751e-02 8.718639612e-01 -7.864960432e-01 -2.029174566e-01 6.267327070e-01 -9.399322271e-01 1.198173761e-01 -5.669782162e-01 2.828279734e-01 -4.737205505e-01 -8.721530437e-01 5.035996437e-02 2.454807758e-01 -1.611610651e-01 5.763453245e-01 -5.617805719e-01 8.694529533e-03 -8.285281658e-01 6.112284660e-01 4.831111431e-01 -9.333209991e-01 4.039714336e-01 7.720774412e-01 1.696984768e-01 8.963564634e-01 -5.181021690e-01 3.685346842e-01 1.904175282e-01 -1.009690762e-01 6.897176504e-01 -5.407663584e-01 9.619786739e-01 7.295699120e-01 -2.555221319e-01 3.685886860e-01
5.087438822e-01 -9.002733231e-02 -4.313406944e-01 9.485554695e-01 -4.647114277e-01 2.941046953e-01 8.015884161e-01 8.868949413e-01 -2.344919443e-01 5.033514500e-01 7.277687788e-01 -4.744722843e-01 4.330031872e-01 7.469586134e-01 -7.201042175e-01 -2.125396729e-01 7.106325626e-01 3.658536673e-01 9.770256281e-01 -3.267810345e-01 -2.246747017e-01 9.746274948e-01 -1.975286007e-01 -3.849256039e-01 -6.999309063e-01 -3.190779686e-02 8.266057968e-01 -7.044085264e-01 -7.772607803e-01 -7.934812307e-01 -7.067610025e-01 -5.007525682e-01 9.783875942e-01 3.045002222e-01 4.006922245e-02 8.414468765e-01 -5.682889223e-01 -2.628455162e-01 -2.513128519e-01 3.692452908e-01 2.268604040e-01 -2.953027487e-01 9.800646305e-01 2.191758156e-01 -8.034825325e-02 -4.905948639e-01 2.111195326e-01 -2.580401897e-01 7.738490105e-01 5.769737959e-01 -7.084358931e-01 4.248225689e-01 8.420348167e-01 -4.911148548e-01 7.067139149e-01 6.011964083e-01 6.424378157e-01 2.997177839e-01 -4.312548637e-01 -7.334786654e-01
theta 8 60
5.700019002e-01 6.473534107e-01 7.494944930e-01 8.723764420e-01 1.033879042e+00 1.242323160e+00 1.481931090e+00 1.758188725e+00 2.062881470e+00 2.407951832e+00 2.767584562e+00 3.138693810e+00 3.515026331e+00 3.867982149e+00 4.210254669e+00 4.510584831e+00 4.782818317e+00 5.027132511e+00 5.240431309e+00 5.419603825e+00 5.559060574e+00 5.661720276e+00 5.752777100e+00 5.815188408e+00 5.853638172e+00 5.880103588e+00 5.894409657e+00 5.905589104e+00 5.910275936e+00 5.916069984e+00 5.896083832e+00 5.851955891e+00 5.800804138e+00 5.735968590e+00 5.655189514e+00 5.549303055e+00 5.415459156e+00 5.246634483e+00 5.043546677e+00 4.790894985e+00 4.497889519e+00 4.157401562e+00 3.776652098e+00 3.376652002e+00 2.976651907e+00 2.576651812e+00 2.200948000e+00 1.850009799e+00 1.525425911e+00 1.240451574e+00 9.833022356e-01 7.676246166e-01 5.660614371e-01 3.855894506e-01 2.195319384e-01 4.982818663e-02 -1.254302710e-01 -3.128195107e-01 -5.134735107e-01 -7.182521820e-01
-2.305377722e+00 -2.339806318e+00 -2.401242256e+00 -2.487255573e+00 -2.609759569e+00 -2.757627010e+00 -2.921186447e+00 -3.102956533e+00 -3.288644314e+00 -3.467982292e+00 -3.646614313e+00 -3.798666000e+00 -3.925125837e+00 -4.037875175e+00 -4.131290436e+00 -4.191476345e+00 -4.205210686e+00 -4.182291031e+00 -4.130414486e+00 -4.047726631e+00 -3.929750204e+00 -3.792020559e+00 -3.631105900e+00 -3.438775301e+00 -3.234614134e+00 -3.038061142e+00 -2.838312626e+00 -2.660588264e+00 -2.510991335e+00 -2.386700869e+00 -2.289419651e+00 -2.208012342e+00 -2.147524834e+00 -2.128435612e+00 -2.128724098e+00 -2.155848980e+00 -2.211209059e+00 -2.296432018e+00 -2.415432930e+00 -2.565028191e+00 -2.736202240e+00 -2.925366640e+00 -3.131014824e+00 -3.340528250e+00 -3.548299313e+00 -3.755931139e+00 -3.944983244e+00 -4.093570709e+00 -4.201994896e+00 -4.284790993e+00 -4.322926521e+00 -4.329521656e+00 -4.288290501e+00 -4.204728127e+00 -4.084087372e+00 -3.918703318e+00 -3.740281820e+00 -3.552297115e+00 -3.342460871e+00 -3.112399578e+00
1.910840273e+00 1.979070663e+00 2.094831467e+00 2.252001762e+00 2.424040556e+00 2.631986141e+00 2.843804598e+00 3.075760126e+00 3.309892178e+00 3.542667866e+00 3.761715412e+00 3.963792801e+00 4.132015228e+00 4.283276558e+00 4.402313232e+00 4.500587940e+00 4.552885056e+00 4.557900906e+00 4.531628609e+00 4.454308987e+00 4.345533848e+00 4.197160244e+00 4.005777836e+00 3.772906542e+00 3.528760910e+00 3.283262730e+00 3.034875393e+00 2.784921885e+00 2.544625282e+00 2.319237232e+00 2.127627611e+00 1.981075644e+00 1.868042231e+00 1.799075484e+00 1.760405660e+00 1.771539927e+00 1.819975972e+00 1.896183848e+00 1.994215965e+00 2.136273146e+00 2.307144165e+00 2.513465166e+00 2.745601177e+00 2.986686230e+00 3.243139267e+00 3.504927158e+00 3.738902807e+00 3.959312916e+00 4.157691002e+00 4.339092255e+00 4.485672951e+00 4.593121529e+00 4.654209137e+00 4.673070908e+00 4.659873009e+00 4.594475269e+00 4.496863365e+00 4.371031761e+00 4.199184895e+00 4.007606030e+00
-1.199840426e+00 -1.222147584e+00 -1.275030613e+00 -1.355632424e+00 -1.480104446e+00 -1.641744733e+00 -1.847942472e+00 -2.085553885e+00 -2.353614807e+00 -2.644962311e+00 -2.956733227e+00 -3.286645174e+00 -3.615677357e+00 -3.926806688e+00 -4.200230598e+00 -4.450441360e+00 -4.661176205e+00 -4.847056389e+00 -4.990928650e+00 -5.108400345e+00 -5.181558609e+00 -5.214854717e+00 -5.203563213e+00 -5.170897007e+00 -5.115155697e+00 -5.030733585e+00 -4.906119823e+00 -4.731481552e+00 -4.508438110e+00 -4.245015144e+00 -3.948548317e+00 -3.630094528e+00 -3.295888424e+00 -2.967117786e+00 -2.651189327e+00 -2.348496437e+00 -2.082082510e+00 -1.856742263e+00 -1.654297471e+00 -1.503913641e+00 -1.396475554e+00 -1.320363283e+00 -1.279011846e+00 -1.281077862e+00 -1.308268309e+00 -1.373854160e+00 -1.470955133e+00 -1.603485942e+00 -1.769784689e+00 -1.972522616e+00 -2.221815825e+00 -2.493750811e+00 -2.794181585e+00 -3.119346380e+00 -3.457428932e+00 -3.775240421e+00 -4.062638283e+00 -4.328395367e+00 -4.562662601e+00 -4.747589111e+00
9.503766298e-01 9.781195521e-01 1.031380773e+00 1.102154016e+00 1.219555736e+00 1.364265680e+00 1.553818226e+00 1.771169066e+00 2.013885975e+00 2.295935392e+00 2.614860058e+00 2.955649853e+00 3.317110538e+00 3.682304859e+00 4.039062977e+00 4.374498367e+00 4.687497139e+00 4.956134319e+00 5.197537899e+00 5.397006035e+00 5.559661865e+00 5.700232029e+00 5.816407681e+00 5.915198803e+00 6.007544041e+00 6.098718166e+00 6.169521332e+00 6.224646091e+00 6.289458275e+00 6.344016075e+00 6.393247128e+00 6.447269917e+00 6.521049500e+00 6.617524147e+00 6.713305473e+00 6.819891453e+00 6.954099178e+00 7.109383583e+00 7.295105457e+00 7.507375240e+00 7.761175156e+00 8.065083504e+00 8.398002625e+00 8.749290466e+00 9.138477325e+00 9.538476944e+00 9.934797287e+00 1.030992985e+01 1.065306282e+01 1.097273159e+01 1.125176716e+01 1.150063133e+01 1.170432186e+01 1.188195133e+01 1.204311943e+01 1.218660450e+01 1.233105755e+01 1.247364712e+01 1.261291218e+01 1.273955631e+01
7.339583039e-01 7.927044034e-01 8.691006303e-01 9.834362268e-01 1.126488566e+00 1.311110139e+00 1.528328180e+00 1.792755604e+00 2.083118677e+00 2.413602829e+00 2.760351181e+00 3.124655247e+00 3.486819267e+00 3.839401245e+00 4.177206516e+00 4.474452972e+00 4.745195866e+00 4.976712227e+00 5.182132721e+00 5.347699165e+00 5.486334324e+00 5.601856232e+00 5.692547321e+00 5.754243851e+00 5.806653976e+00 5.842309475e+00 5.872890472e+00 5.902122021e+00 5.931593418e+00 5.958009243e+00 5.972787380e+00 5.982801437e+00 5.994831562e+00 5.986554623e+00 5.966701031e+00 5.927815914e+00 5.884289265e+00 5.821878433e+00 5.756188869e+00 5.680778027e+00 5.579009533e+00 5.442732811e+00 5.267947674e+00 5.052496433e+00 4.806068897e+00 4.523044109e+00 4.198368549e+00 3.828333378e+00 3.429841518e+00 3.029841423e+00 2.629841328e+00 2.238305807e+00 1.889931083e+00 1.575825214e+00 1.300761342e+00 1.068936706e+00 8.684202433e-01 6.836813092e-01 5.139619112e-01 3.676962256e-01
-2.233478308e+00 -2.345545530e+00 -2.486924410e+00 -2.646946430e+00 -2.818351030e+00 -3.009629488e+00 -3.190901518e+00 -3.361218691e+00 -3.515205860e+00 -3.669397831e+00 -3.818038225e+00 -3.953245878e+00 -4.052793503e+00 -4.117882729e+00 -4.162761688e+00 -4.189766884e+00 -4.174929619e+00 -4.137073517e+00 -4.072834015e+00 -3.967841387e+00 -3.840732098e+00 -3.674517870e+00 -3.502173901e+00 -3.311232090e+00 -3.099286318e+00 -2.890094757e+00 -2.677157402e+00 -2.492814541e+00 -2.334173441e+00 -2.193225145e+00 -2.096843243e+00 -2.031094074e+00 -2.007446527e+00 -2.013538122e+00 -2.060619831e+00 -2.153874397e+00 -2.277677536e+00 -2.426313162e+00 -2.601959705e+00 -2.788229465e+00 -2.995903015e+00 -3.208890200e+00 -3.431783438e+00 -3.634778261e+00 -3.812772512e+00 -3.981445074e+00 -4.116137505e+00 -4.208219528e+00 -4.264922142e+00 -4.274371147e+00 -4.257632256e+00 -4.201676369e+00 -4.110149384e+00 -3.989234447e+00 -3.829859018e+00 -3.654775143e+00 -3.446850777e+00 -3.216712713e+00 -2.987593174e+00 -2.758697033e+00
1.298279762e+00 1.385514140e+00 1.503136635e+00 1.672401667e+00 1.872002602e+00 2.111826897e+00 2.395819187e+00 2.718560219e+00 3.053178549e+00 3.398658276e+00 3.745520592e+00 4.063970089e+00 4.359025955e+00 4.630103111e+00 4.853005409e+00 5.035589695e+00 5.193274975e+00 5.323201180e+00 5.437063694e+00 5.517947674e+00 5.569484711e+00 5.611092567e+00 5.626389027e+00 5.613014698e+00 5.565849304e+00 5.493553638e+00 5.407028675e+00 5.281126976e+00 5.111969471e+00 4.896363735e+00 4.633289337e+00 4.325321198e+00 3.997303009e+00 3.645538330e+00 3.276266575e+00 2.914581537e+00 2.552812099e+00 2.207925558e+00 1.889412045e+00 1.612049818e+00 1.375558615e+00 1.171425462e+00 1.016542196e+00 8.968325853e-01 8.052185178e-01 7.332823873e-01 6.896122098e-01 6.659303904e-01 6.770234704e-01 7.202639580e-01 7.776123285e-01 8.676422834e-01 9.989079833e-01 1.154340029e+00 1.354667544e+00 1.600640535e+00 1.893733501e+00 2.226883650e+00 2.583279371e+00 2.948538780e+00
theta_dot 8 60
1.100599885e+00 1.547030210e+00 2.042821407e+00 2.457638502e+00 3.230050802e+00 4.168883324e+00 4.792158127e+00 5.525151730e+00 6.093853951e+00 6.901408195e+00 7.192655087e+00 7.422182560e+00 7.526649475e+00 7.059116364e+00 6.845449448e+00 6.006599903e+00 5.444671154e+00 4.886285305e+00 4.265974998e+00 3.583446264e+00 2.789131165e+00 2.053195477e+00 1.821139455e+00 1.248229027e+00 7.689981461e-01 5.293107629e-01 2.861179113e-01 2.235929221e-01 9.374099970e-02 1.158794761e-01 -3.997256160e-01 -8.825619221e-01 -1.023031354e+00 -1.296707034e+00 -1.615583897e+00 -2.117726564e+00 -2.676876783e+00 -3.376494408e+00 -4.061753273e+00 -5.053035259e+00 -5.860108852e+00 -6.809762955e+00 -7.614988327e+00 -8.000000000e+00 -8.000000000e+00 -8.000000000e+00 -7.514075756e+00 -7.018763065e+00 -6.491676331e+00 -5.699486732e+00 -5.142986774e+00 -4.313551903e+00 -4.031263828e+00 -3.609439611e+00 -3.321150064e+00 -3.394074917e+00 -3.505169153e+00 -3.747784615e+00 -4.013080597e+00 -4.095573902e+00
-9.525471926e-02 -6.885715127e-01 -1.228719592e+00 -1.720265150e+00 -2.450081587e+00 -2.957346678e+00 -3.271187305e+00 -3.635401726e+00 -3.713753462e+00 -3.586758852e+00 -3.572642565e+00 -3.041035652e+00 -2.529197216e+00 -2.254986048e+00 -1.868302345e+00 -1.203718662e+00 -2.746821046e-01 4.583956599e-01 1.037533283e+00 1.653760672e+00 2.359529495e+00 2.754592657e+00 3.218291044e+00 3.846610069e+00 4.083221912e+00 3.931059361e+00 3.994968176e+00 3.554489613e+00 2.991940498e+00 2.485809803e+00 1.945623398e+00 1.628147960e+00 1.209751725e+00 3.817852139e-01 -5.768179893e-03 -5.424956083e-01 -1.107201338e+00 -1.704456925e+00 -2.380019665e+00 -2.991905212e+00 -3.423480272e+00 -3.783287764e+00 -4.112962723e+00 -4.190266609e+00 -4.155420780e+00 -4.152635098e+00 -3.781041622e+00 -2.971751451e+00 -2.168482304e+00 -1.655922651e+00 -7.627127171e-01 -1.319041848e-01 8.246248960e-01 1.671245575e+00 2.412813663e+00 3.307679892e+00 3.568427801e+00 3.759694576e+00 4.196724415e+00 4.601225376e+00
5.743453503e-01 1.364608645e+00 2.315214157e+00 3.143407822e+00 3.440775871e+00 4.158910275e+00 4.236369133e+00 4.639112473e+00 4.682639599e+00 4.655513287e+00 4.380951405e+00 4.041545391e+00 3.364449739e+00 3.025223017e+00 2.380730152e+00 1.965496778e+00 1.045944691e+00 1.003189683e-01 -5.254466534e-01 -1.546391129e+00 -2.175501585e+00 -2.967473984e+00 -3.827646494e+00 -4.657427788e+00 -4.882912636e+00 -4.909963608e+00 -4.967747211e+00 -4.999071121e+00 -4.805933952e+00 -4.507761955e+00 -3.832191229e+00 -2.931038857e+00 -2.260668278e+00 -1.379334450e+00 -7.733963132e-01 2.226850390e-01 9.687213302e-01 1.524156451e+00 1.960643530e+00 2.841142178e+00 3.417419910e+00 4.126418591e+00 4.642722607e+00 4.821699619e+00 5.129059315e+00 5.235758305e+00 4.679514885e+00 4.408203602e+00 3.967557430e+00 3.628029108e+00 2.931611538e+00 2.148971081e+00 1.221754789e+00 3.772380948e-01 -2.639578581e-01 -1.307959080e+00 -1.952241421e+00 -2.516630411e+00 -3.436940432e+00 -3.831578255e+00
2.380440235e-01 -4.461423755e-01 -1.057661772e+00 -1.612035275e+00 -2.489440918e+00 -3.232806206e+00 -4.123953819e+00 -4.752226830e+00 -5.361218452e+00 -5.826948166e+00 -6.235419750e+00 -6.598238468e+00 -6.580645084e+00 -6.222586632e+00 -5.468477249e+00 -5.004213333e+00 -4.214694500e+00 -3.717605352e+00 -2.877440453e+00 -2.349431753e+00 -1.463169336e+00 -6.659206748e-01 2.258305550e-01 6.533204317e-01 1.114828706e+00 1.688441873e+00 2.492274523e+00 3.492761612e+00 4.460872650e+00 5.268460274e+00 5.929337502e+00 6.369076252e+00 6.684123039e+00 6.575413704e+00 6.318569183e+00 6.053856373e+00 5.328279495e+00 4.506804943e+00 4.048896790e+00 3.007676125e+00 2.148760796e+00 1.522246122e+00 8.270295858e-01 -4.131919146e-02 -5.438091159e-01 -1.311715841e+00 -1.942020178e+00 -2.650616407e+00 -3.325975180e+00 -4.054759502e+00 -4.985865116e+00 -5.438700199e+00 -6.008615494e+00 -6.503296852e+00 -6.761649609e+00 -6.356231213e+00 -5.747957230e+00 -5.315144062e+00 -4.685344219e+00 -3.698534489e+00
-1.649354696e-01 5.548588634e-01 1.065223336e+00 1.415464878e+00 2.348035097e+00 2.894199848e+00 3.791051149e+00 4.347017288e+00 4.854336262e+00 5.640989780e+00 6.378492355e+00 6.815795422e+00 7.229215145e+00 7.303888798e+00 7.135159492e+00 6.708709717e+00 6.259975910e+00 5.372742176e+00 4.828073025e+00 3.989357948e+00 3.253120422e+00 2.811405182e+00 2.323517323e+00 1.975822210e+00 1.846900940e+00 1.823483706e+00 1.416059256e+00 1.102497101e+00 1.296244383e+00 1.091151714e+00 9.846233726e-01 1.080458283e+00 1.475593805e+00 1.929492950e+00 1.915630102e+00 2.131723166e+00 2.684158564e+00 3.105684996e+00 3.714439869e+00 4.245398998e+00 5.075994492e+00 6.078168392e+00 6.658384323e+00 7.025756359e+00 7.783744812e+00 8.000000000e+00 7.926414967e+00 7.502654076e+00 6.862661362e+00 6.393381119e+00 5.580712795e+00 4.977282524e+00 4.073816776e+00 3.552591801e+00 3.223360538e+00 2.869701624e+00 2.889052153e+00 2.851799965e+00 2.785297871e+00 2.532879353e+00
7.894718051e-01 1.174921989e+00 1.527924180e+00 2.286711693e+00 2.861045837e+00 3.692431688e+00 4.344361305e+00 5.288548470e+00 5.807262897e+00 6.609682560e+00 6.934969425e+00 7.286083221e+00 7.243279457e+00 7.051641464e+00 6.756107807e+00 5.944929600e+00 5.414855957e+00 4.630325794e+00 4.108406544e+00 3.311326504e+00 2.772705317e+00 2.310441256e+00 1.813818216e+00 1.233935356e+00 1.048202991e+00 7.131096125e-01 6.116220355e-01 5.846285820e-01 5.894244909e-01 5.283139944e-01 2.955660224e-01 2.002812326e-01 2.406046987e-01 -1.655397713e-01 -3.970764875e-01 -7.777059078e-01 -8.705328107e-01 -1.248218894e+00 -1.313790560e+00 -1.508217454e+00 -2.035369158e+00 -2.725537777e+00 -3.495704412e+00 -4.309026718e+00 -4.928554058e+00 -5.660499096e+00 -6.493508816e+00 -7.400702000e+00 -7.969838142e+00 -8.000000000e+00 -8.000000000e+00 -7.830711842e+00 -6.967494011e+00 -6.282116890e+00 -5.501276493e+00 -4.636492729e+00 -4.010329247e+00 -3.694778442e+00 -3.394387960e+00 -2.925313950e+00
-1.628213406e+00 -2.241344929e+00 -2.827577114e+00 -3.200439930e+00 -3.428092241e+00 -3.825569630e+00 -3.625440121e+00 -3.406342983e+00 -3.079743147e+00 -3.083840370e+00 -2.972806215e+00 -2.704154968e+00 -1.990947962e+00 -1.301780939e+00 -8.975777030e-01 -5.401029587e-01 2.967489362e-01 7.571223378e-01 1.284792066e+00 2.099853992e+00 2.542184830e+00 3.324285984e+00 3.446877480e+00 3.818834543e+00 4.238914013e+00 4.183828831e+00 4.258746624e+00 3.686859369e+00 3.172824144e+00 2.818964958e+00 1.927636623e+00 1.314982772e+00 4.729490876e-01 -1.218325496e-01 -9.416340590e-01 -1.865091801e+00 -2.476062775e+00 -2.972711802e+00 -3.512931347e+00 -3.725393534e+00 -4.153469086e+00 -4.259741783e+00 -4.457865238e+00 -4.059895515e+00 -3.559886456e+00 -3.373450041e+00 -2.693850040e+00 -1.841641903e+00 -1.134050369e+00 -1.889839172e-01 3.347811103e-01 1.119117498e+00 1.830540061e+00 2.418301105e+00 3.187507868e+00 3.501677275e+00 4.158484936e+00 4.602760315e+00 4.582390785e+00 4.577923775e+00
1.049374223e+00 1.744688511e+00 2.352449417e+00 3.385300159e+00 3.992018700e+00 4.796484470e+00 5.679844856e+00 6.454818249e+00 6.692366123e+00 6.909595966e+00 6.937243938e+00 6.368992329e+00 5.901113510e+00 5.421540260e+00 4.458046913e+00 3.651687622e+00 3.153709650e+00 2.598526716e+00 2.277247667e+00 1.617676973e+00 1.030743122e+00 8.321546316e-01 3.059273362e-01 -2.674874663e-01 -9.433065057e-01 -1.445913553e+00 -1.730502248e+00 -2.518038034e+00 -3.383152246e+00 -4.312114716e+00 -5.261486053e+00 -6.159366608e+00 -6.560365200e+00 -7.035292625e+00 -7.385435104e+00 -7.233701229e+00 -7.235388279e+00 -6.897731304e+00 -6.370270252e+00 -5.547244072e+00 -4.729824066e+00 -4.082663536e+00 -3.097664833e+00 -2.394192219e+00 -1.832281113e+00 -1.438722968e+00 -8.734030724e-01 -4.736365974e-01 2.218613327e-01 8.648103476e-01 1.146966934e+00 1.800598741e+00 2.625313997e+00 3.108639956e+00 4.006550312e+00 4.919460297e+00 5.861857891e+00 6.663003922e+00 7.127916336e+00 7.305190086e+00
reward 8 60
-2.995092794e-02 -4.461114109e-02 -6.584806740e-02 -9.794647247e-02 -1.366782486e-01 -2.116080076e-01 -3.281659484e-01 -4.492606223e-01 -6.145213842e-01 -7.969940901e-01 -1.056315184e+00 -1.283304095e+00 -1.536074519e+00 -1.332942247e+00 -1.081991553e+00 -8.984521627e-01 -6.751364470e-01 -5.217146873e-01 -3.965631127e-01 -2.907244563e-01 -2.032116205e-01 -1.304822862e-01 -8.096405864e-02 -6.146516651e-02 -3.757110238e-02 -2.438815311e-02 -1.906077750e-02 -1.615189761e-02 -1.485342346e-02 -1.438182779e-02 -1.388150267e-02 -1.675981283e-02 -2.651812136e-02 -3.375958279e-02 -4.678172991e-02 -6.555578858e-02 -9.872031957e-02 -1.470238566e-01 -2.214579284e-01 -3.190023005e-01 -4.780405164e-01 -6.623458266e-01 -9.157496691e-01 -1.208163023e+00 -1.484843493e+00 -1.526182413e+00 -1.303945184e+00 -1.049084902e+00 -8.350509405e-01 -6.541193128e-01 -4.788174629e-01 -3.613786101e-01 -2.452449352e-01 -1.945551336e-01 -1.451486200e-01 -1.153678894e-01 -1.155436859e-01 -1.245337874e-01 -1.502497941e-01 -1.877769828e-01
-5.329145789e-01 -5.315734148e-01 -5.522106886e-01 -5.916948915e-01 -6.485692263e-01 -7.411850691e-01 -8.479143977e-01 -9.605178833e-01 -1.095006227e+00 -1.034648776e+00 -9.214129448e-01 -8.229150772e-01 -7.097753882e-01 -6.203022003e-01 -5.551674962e-01 -4.979769588e-01 -4.523589015e-01 -4.325790405e-01 -4.434974194e-01 -4.742076397e-01 -5.271359682e-01 -6.096225977e-01 -6.964684725e-01 -8.072645068e-01 -9.570323229e-01 -1.096324325e+00 -1.077602625e+00 -9.654078484e-01 -8.344234228e-01 -7.200430036e-01 -6.314296722e-01 -5.622700453e-01 -5.141916871e-01 -4.759977758e-01 -4.547565877e-01 -4.531909823e-01 -4.677278101e-01 -5.012035966e-01 -5.564700365e-01 -6.401342154e-01 -7.474542260e-01 -8.659006357e-01 -9.990361929e-01 -1.149511456e+00 -1.041563630e+00 -9.210195541e-01 -8.111616373e-01 -6.900045276e-01 -5.679186583e-01 -4.802479148e-01 -4.269761145e-01 -3.900963664e-01 -3.821566701e-01 -4.048789144e-01 -4.599619806e-01 -5.421887636e-01 -6.687976122e-01 -7.742106915e-01 -8.872123957e-01 -1.041199803e+00
-3.543201685e-01 -3.684605658e-01 -4.105993807e-01 -4.925763011e-01 -6.063231230e-01 -7.062116861e-01 -8.660700917e-01 -9.883390665e-01 -1.161243916e+00 -1.103361726e+00 -9.677833319e-01 -8.277499080e-01 -7.013714314e-01 -5.763170123e-01 -4.914894700e-01 -4.108440280e-01 -3.565515280e-01 -3.105209172e-01 -2.978205085e-01 -3.099123836e-01 -3.584333062e-01 -4.228150845e-01 -5.234006643e-01 -6.654664278e-01 -8.472760320e-01 -9.974052310e-01 -1.141041517e+00 -1.167886853e+00 -1.025507092e+00 -8.785496950e-01 -7.411557436e-01 -5.998476148e-01 -4.783772528e-01 -4.001842439e-01 -3.427618444e-01 -3.161836267e-01 -3.143318295e-01 -3.407461047e-01 -3.831158280e-01 -4.363030493e-01 -5.371016264e-01 -6.491835713e-01 -8.020494580e-01 -9.694352150e-01 -1.124680400e+00 -1.187408805e+00 -1.046376705e+00 -8.664167523e-01 -7.344115376e-01 -6.095824242e-01 -5.095757246e-01 -4.090604186e-01 -3.319604099e-01 -2.803239226e-01 -2.607219815e-01 -2.645978630e-01 -3.023267388e-01 -3.573328853e-01 -4.291701317e-01 -5.527290702e-01
-1.533106416e-01 -1.445293278e-01 -1.513936222e-01 -1.738749593e-01 -2.098535597e-01 -2.810441256e-01 -3.741338849e-01 -5.115976334e-01 -6.607986689e-01 -8.413962126e-01 -1.039127469e+00 -1.263256788e+00 -1.333329558e+00 -1.144610167e+00 -9.426807165e-01 -7.330720425e-01 -5.863353014e-01 -4.410100877e-01 -3.444942832e-01 -2.499550283e-01 -1.933780611e-01 -1.428399086e-01 -1.188119203e-01 -1.173115000e-01 -1.281848252e-01 -1.489180326e-01 -1.854092181e-01 -2.520563304e-01 -3.629839718e-01 -5.139903426e-01 -6.929808259e-01 -8.966695666e-01 -1.109546423e+00 -1.339392424e+00 -1.312810779e+00 -1.102158427e+00 -9.181977510e-01 -7.175369263e-01 -5.481663346e-01 -4.379893839e-01 -3.166911304e-01 -2.412419766e-01 -1.975126266e-01 -1.705269665e-01 -1.643409580e-01 -1.741223335e-01 -2.060026824e-01 -2.540916502e-01 -3.273988962e-01 -4.238350987e-01 -5.537530184e-01 -7.423269153e-01 -9.177349806e-01 -1.142034292e+00 -1.396220446e+00 -1.255820990e+00 -1.033115625e+00 -8.235930204e-01 -6.646472216e-01 -5.158117414e-01
-9.471355379e-02 -9.064698964e-02 -9.880594909e-02 -1.181039065e-01 -1.418181956e-01 -2.039752901e-01 -2.700037956e-01 -3.853228688e-01 -5.028998852e-01 -6.412722468e-01 -8.454775810e-01 -1.090616941e+00 -1.338472605e+00 -1.402563691e+00 -1.210135937e+00 -1.012827277e+00 -8.146742582e-01 -6.465790272e-01 -4.649192393e-01 -3.511025310e-01 -2.377882749e-01 -1.581898928e-01 -1.130485088e-01 -7.577596605e-02 -5.266838521e-02 -4.185339808e-02 -3.697741777e-02 -2.157623693e-02 -1.274864934e-02 -1.700205170e-02 -1.237901114e-02 -1.090698782e-02 -1.469659060e-02 -2.777316794e-02 -4.870805889e-02 -5.523823574e-02 -7.437460870e-02 -1.170684695e-01 -1.647277176e-01 -2.404177189e-01 -3.301678002e-01 -4.763925672e-01 -6.870616674e-01 -8.909206390e-01 -1.102151275e+00 -1.421203613e+00 -1.556814551e+00 -1.320813179e+00 -1.072066545e+00 -8.372858763e-01 -6.627393365e-01 -4.843280315e-01 -3.615848720e-01 -2.402829677e-01 -1.731454432e-01 -1.312817037e-01 -9.716714919e-02 -8.908762038e-02 -8.218742907e-02 -7.816232741e-02
-4.854263738e-02 -6.016287208e-02 -7.678834349e-02 -9.903286397e-02 -1.490163058e-01 -2.088591307e-01 -3.082651496e-01 -4.224821925e-01 -6.012860537e-01 -7.712796926e-01 -1.019561291e+00 -1.242915034e+00 -1.507230759e+00 -1.306634307e+00 -1.094618917e+00 -9.000872374e-01 -6.807488203e-01 -5.297533870e-01 -3.852677643e-01 -2.900948822e-01 -1.971810609e-01 -1.404005587e-01 -9.980493039e-02 -6.790168583e-02 -4.336895794e-02 -3.369585425e-02 -2.473474666e-02 -2.090421692e-02 -1.829664037e-02 -1.600873470e-02 -1.336534042e-02 -1.058786456e-02 -9.729809128e-03 -9.059036151e-03 -9.073708206e-03 -1.168926619e-02 -1.880266145e-02 -2.352327853e-02 -3.718075901e-02 -4.518150166e-02 -5.908310413e-02 -9.119975567e-02 -1.451203227e-01 -2.254081666e-01 -3.371707797e-01 -4.610947967e-01 -6.302636266e-01 -8.565897942e-01 -1.150372744e+00 -1.449364185e+00 -1.558319926e+00 -1.331780672e+00 -1.114536047e+00 -8.426467776e-01 -6.429766417e-01 -4.719280303e-01 -3.292375803e-01 -2.365361899e-01 -1.833894402e-01 -1.416791379e-01
-4.719862938e-01 -5.253554583e-01 -6.004059315e-01 -6.984624267e-01 -8.031339645e-01 -9.119411707e-01 -1.052533627e+00 -1.087807655e+00 -9.699390531e-01 -8.613624573e-01 -7.786055803e-01 -6.962502003e-01 -6.161135435e-01 -5.371448994e-01 -4.860093594e-01 -4.580296874e-01 -4.413124919e-01 -4.455050826e-01 -4.663577676e-01 -5.052743554e-01 -5.802286863e-01 -6.615834832e-01 -7.913203239e-01 -8.922635317e-01 -1.029468417e+00 -1.140243769e+00 -1.010613084e+00 -8.983338475e-01 -7.573581934e-01 -6.456618309e-01 -5.608426332e-01 -4.768386781e-01 -4.299547076e-01 -4.052529335e-01 -4.056717455e-01 -4.337864518e-01 -4.987041354e-01 -5.801144838e-01 -6.770800948e-01 -8.005591631e-01 -9.163341522e-01 -1.070056558e+00 -1.126857638e+00 -1.011924386e+00 -8.663269877e-01 -7.373703718e-01 -6.436678171e-01 -5.424162745e-01 -4.644762874e-01 -4.205206335e-01 -4.039979577e-01 -4.114615917e-01 -4.458066523e-01 -5.057213902e-01 -5.848933458e-01 -7.036001086e-01 -8.138417006e-01 -9.776222110e-01 -1.152205706e+00 -1.102608681e+00
-1.556540877e-01 -1.795682013e-01 -2.224787027e-01 -2.816421390e-01 -3.943817019e-01 -5.098361969e-01 -6.763011217e-01 -8.969157934e-01 -1.155725956e+00 -1.380169034e+00 -1.309686899e+00 -1.125317812e+00 -8.982074857e-01 -7.186934352e-01 -5.674064755e-01 -4.033013284e-01 -2.891997695e-01 -2.183029354e-01 -1.600621790e-01 -1.234935299e-01 -8.474791050e-02 -6.194112450e-02 -5.211127549e-02 -4.413337260e-02 -4.582437500e-02 -6.035576016e-02 -8.353185654e-02 -1.069099680e-01 -1.640588939e-01 -2.518837750e-01 -3.784706593e-01 -5.491483212e-01 -7.630840540e-01 -9.529467821e-01 -1.190672159e+00 -1.449886084e+00 -1.372872114e+00 -1.175220966e+00 -9.633057714e-01 -7.628458142e-01 -5.676102638e-01 -4.129633904e-01 -3.042894006e-01 -1.993102878e-01 -1.377550513e-01 -9.850648791e-02 -7.448736578e-02 -5.521145463e-02 -4.682919756e-02 -4.646145552e-02 -5.955774337e-02 -7.369562984e-02 -1.079854593e-01 -1.688008904e-01 -2.300862819e-01 -3.441813886e-01 -4.983809888e-01 -7.022722960e-01 -9.399316907e-01 -1.175620317e+00
